
assert statements are activated using -ea VM arguments option


26(4)( 2, 3),31(2)( 0, 2), 4(6)( 0, 5),23(7)( 5, 5),16(4)( 2, 5),33(5)( 3, 5),
 5(4)( 2, 4), 2(8)( 2, 1),25(7)( 1, 5),14(8)( 4, 5),21(1)( 5, 1),12(8)( 4, 1),
30(1)( 1, 0),27(3)( 0, 4), 8(6)( 3, 0),19(3)( 4, 0),34(4)( 5, 4),17(5)( 4, 4),
 9(3)( 2, 2), 6(3)( 0, 3), 1(8)( 0, 0),28(6)( 1, 2),11(1)( 2, 0),20(8)( 3, 2),
 0(2)( 0, 0),29(8)( 3, 1),10(2)( 0, 1), 7(8)( 1, 1),18(8)( 5, 2),35(0)( 4, 2),
<<< Found a solution# 524476 at moves moved 38861909759

>>> Found a solution# 524477 at moves moved 38862277661
 3(3)( 1, 3),22(4)( 3, 4),13(3)( 0, 4),24(3)( 2, 3),33(4)( 3, 3),20(6)( 4, 3),
12(2)( 1, 2),31(3)( 0, 2), 4(6)( 0, 5),21(7)( 5, 5),14(4)( 2, 5),25(5)( 3, 5),
 5(4)( 2, 4), 2(8)( 2, 1),23(1)( 1, 5),32(1)( 1, 4),19(1)( 5, 1),34(5)( 4, 5),
30(1)( 1, 0),11(8)( 2, 0), 8(6)( 3, 0),17(3)( 4, 0),26(4)( 5, 4),15(5)( 4, 4),
 9(3)( 2, 2), 6(3)( 0, 3), 1(8)( 0, 0),28(6)( 5, 0),35(0)( 5, 3),18(8)( 3, 2),
 0(2)( 0, 0),29(8)( 3, 1),10(8)( 0, 1), 7(8)( 1, 1),16(8)( 5, 2),27(7)( 4, 2),
<<< Found a solution# 524477 at moves moved 38862277661

>>> Found a solution# 524478 at moves moved 38862277667
 3(3)( 1, 3),22(4)( 3, 4),13(3)( 0, 4),24(3)( 2, 3),35(0)( 5, 3),20(6)( 4, 3),
12(2)( 1, 2),31(3)( 0, 2), 4(6)( 0, 5),21(7)( 5, 5),14(4)( 2, 5),25(5)( 3, 5),
 5(4)( 2, 4), 2(8)( 2, 1),23(1)( 1, 5),32(4)( 1, 4),19(1)( 5, 1),34(8)( 4, 1),
30(1)( 1, 0),11(8)( 2, 0), 8(6)( 3, 0),17(3)( 4, 0),26(4)( 5, 4),15(5)( 4, 4),
 9(3)( 2, 2), 6(3)( 0, 3), 1(8)( 0, 0),28(6)( 5, 0),33(1)( 3, 3),18(8)( 3, 2),
 0(2)( 0, 0),29(8)( 3, 1),10(8)( 0, 1), 7(8)( 1, 1),16(8)( 5, 2),27(7)( 4, 2),
<<< Found a solution# 524478 at moves moved 38862277667

>>> Found a solution# 524479 at moves moved 38862277741
 3(3)( 1, 3),22(4)( 3, 4),13(3)( 0, 4),24(6)( 2, 3),33(4)( 3, 3),20(6)( 4, 3),
12(2)( 1, 2),25(5)( 3, 5), 4(6)( 0, 5),21(7)( 5, 5),14(4)( 2, 5),31(6)( 4, 2),
 5(4)( 2, 4), 2(8)( 2, 1),23(1)( 1, 5),32(1)( 5, 4),19(1)( 5, 1),34(5)( 4, 5),
26(4)( 1, 4),11(8)( 2, 0), 8(6)( 3, 0),17(3)( 4, 0),30(1)( 5, 0),15(5)( 4, 4),
 9(3)( 2, 2), 6(3)( 0, 3), 1(8)( 0, 0),28(3)( 1, 0),35(0)( 5, 3),18(8)( 3, 2),
 0(2)( 0, 0),27(2)( 0, 2),10(8)( 0, 1), 7(8)( 1, 1),16(8)( 5, 2),29(8)( 3, 1),
<<< Found a solution# 524479 at moves moved 38862277741

>>> Found a solution# 524480 at moves moved 38862277747
 3(3)( 1, 3),22(4)( 3, 4),13(3)( 0, 4),24(6)( 2, 3),35(0)( 5, 3),20(6)( 4, 3),
12(2)( 1, 2),25(5)( 3, 5), 4(6)( 0, 5),21(7)( 5, 5),14(4)( 2, 5),31(6)( 4, 2),
 5(4)( 2, 4), 2(8)( 2, 1),23(1)( 1, 5),32(4)( 5, 4),19(1)( 5, 1),34(8)( 4, 1),
26(4)( 1, 4),11(8)( 2, 0), 8(6)( 3, 0),17(3)( 4, 0),30(1)( 5, 0),15(5)( 4, 4),
 9(3)( 2, 2), 6(3)( 0, 3), 1(8)( 0, 0),28(3)( 1, 0),33(1)( 3, 3),18(8)( 3, 2),
 0(2)( 0, 0),27(2)( 0, 2),10(8)( 0, 1), 7(8)( 1, 1),16(8)( 5, 2),29(8)( 3, 1),
<<< Found a solution# 524480 at moves moved 38862277747

>>> Found a solution# 524481 at moves moved 38862277825
 3(3)( 1, 3),22(4)( 3, 4),13(3)( 0, 4),30(3)( 1, 4),33(4)( 3, 3),20(6)( 4, 3),
12(2)( 1, 2),29(2)( 0, 2), 4(6)( 0, 5),21(7)( 5, 5),14(4)( 2, 5),31(6)( 3, 5),
 5(4)( 2, 4), 2(8)( 2, 1),23(3)( 1, 5),32(1)( 5, 4),19(1)( 5, 1),34(5)( 4, 5),
28(1)( 1, 0),11(8)( 2, 0), 8(6)( 3, 0),17(3)( 4, 0),24(4)( 2, 3),15(5)( 4, 4),
 9(3)( 2, 2), 6(3)( 0, 3), 1(8)( 0, 0),26(6)( 5, 0),35(0)( 5, 3),18(8)( 3, 2),
 0(2)( 0, 0),27(8)( 3, 1),10(8)( 0, 1), 7(8)( 1, 1),16(8)( 5, 2),25(7)( 4, 2),
<<< Found a solution# 524481 at moves moved 38862277825

>>> Found a solution# 524482 at moves moved 38862277831
 3(3)( 1, 3),22(4)( 3, 4),13(3)( 0, 4),30(3)( 1, 4),35(0)( 5, 3),20(6)( 4, 3),
12(2)( 1, 2),29(2)( 0, 2), 4(6)( 0, 5),21(7)( 5, 5),14(4)( 2, 5),31(6)( 3, 5),
 5(4)( 2, 4), 2(8)( 2, 1),23(3)( 1, 5),32(4)( 5, 4),19(1)( 5, 1),34(8)( 4, 1),
28(1)( 1, 0),11(8)( 2, 0), 8(6)( 3, 0),17(3)( 4, 0),24(4)( 2, 3),15(5)( 4, 4),
 9(3)( 2, 2), 6(3)( 0, 3), 1(8)( 0, 0),26(6)( 5, 0),33(1)( 3, 3),18(8)( 3, 2),
 0(2)( 0, 0),27(8)( 3, 1),10(8)( 0, 1), 7(8)( 1, 1),16(8)( 5, 2),25(7)( 4, 2),
<<< Found a solution# 524482 at moves moved 38862277831

>>> Found a solution# 524483 at moves moved 38862278047
 3(3)( 1, 3),22(4)( 3, 4),13(3)( 0, 4),30(6)( 5, 4),33(4)( 3, 3),20(6)( 4, 3),
12(2)( 1, 2),31(3)( 3, 5), 4(6)( 0, 5),21(7)( 5, 5),14(4)( 2, 5),29(7)( 4, 2),
 5(4)( 2, 4), 2(8)( 2, 1),23(6)( 1, 5),32(1)( 1, 4),19(1)( 5, 1),34(5)( 4, 5),
24(4)( 2, 3),11(8)( 2, 0), 8(6)( 3, 0),17(3)( 4, 0),28(1)( 5, 0),15(5)( 4, 4),
 9(3)( 2, 2), 6(3)( 0, 3), 1(8)( 0, 0),26(3)( 1, 0),35(0)( 5, 3),18(8)( 3, 2),
 0(2)( 0, 0),25(2)( 0, 2),10(8)( 0, 1), 7(8)( 1, 1),16(8)( 5, 2),27(8)( 3, 1),
<<< Found a solution# 524483 at moves moved 38862278047

>>> Found a solution# 524484 at moves moved 38862278053
 3(3)( 1, 3),22(4)( 3, 4),13(3)( 0, 4),30(6)( 5, 4),35(0)( 5, 3),20(6)( 4, 3),
12(2)( 1, 2),31(3)( 3, 5), 4(6)( 0, 5),21(7)( 5, 5),14(4)( 2, 5),29(7)( 4, 2),
 5(4)( 2, 4), 2(8)( 2, 1),23(6)( 1, 5),32(4)( 1, 4),19(1)( 5, 1),34(8)( 4, 1),
24(4)( 2, 3),11(8)( 2, 0), 8(6)( 3, 0),17(3)( 4, 0),28(1)( 5, 0),15(5)( 4, 4),
 9(3)( 2, 2), 6(3)( 0, 3), 1(8)( 0, 0),26(3)( 1, 0),33(1)( 3, 3),18(8)( 3, 2),
 0(2)( 0, 0),25(2)( 0, 2),10(8)( 0, 1), 7(8)( 1, 1),16(8)( 5, 2),27(8)( 3, 1),
<<< Found a solution# 524484 at moves moved 38862278053

>>> Found a solution# 524485 at moves moved 38862487593
 3(3)( 1, 3),18(3)( 2, 3),27(6)( 4, 4),10(3)( 1, 4),31(4)( 3, 3),20(5)( 3, 4),
28(4)( 2, 5), 9(2)( 2, 2), 4(6)( 0, 5),19(2)( 1, 5),26(7)( 5, 2),11(5)( 3, 5),
 5(4)( 2, 4), 2(8)( 2, 1),17(8)( 0, 2),30(1)( 1, 2),21(4)( 5, 5),32(5)( 4, 5),
16(2)( 1, 0),29(2)( 0, 4), 8(8)( 3, 0),23(4)( 5, 1),12(4)( 5, 4),25(8)( 4, 0),
35(0)( 2, 0), 6(3)( 0, 3), 1(8)( 0, 0),14(6)( 5, 0),33(6)( 5, 3),22(7)( 4, 3),
 0(2)( 0, 0),15(8)( 3, 1),34(7)( 4, 1), 7(8)( 1, 1),24(1)( 3, 2),13(7)( 4, 2),
<<< Found a solution# 524485 at moves moved 38862487593

>>> Found a solution# 524486 at moves moved 38863532569
 3(3)( 1, 3),18(3)( 2, 3),27(6)( 4, 4),16(5)( 5, 4),31(4)( 3, 3),20(5)( 3, 4),
28(4)( 2, 5), 9(5)( 2, 2), 4(6)( 0, 5),19(2)( 1, 5),26(7)( 5, 2),15(7)( 4, 2),
 5(4)( 2, 4), 2(8)( 2, 1),17(8)( 3, 5),30(1)( 1, 2),21(4)( 5, 5),32(5)( 4, 5),
10(4)( 1, 4),29(2)( 0, 4), 8(8)( 3, 0),23(4)( 5, 1),14(1)( 5, 0),25(8)( 4, 0),
35(0)( 2, 0), 6(3)( 0, 3), 1(8)( 0, 0),12(3)( 1, 0),33(6)( 5, 3),22(7)( 4, 3),
 0(2)( 0, 0),11(2)( 0, 2),34(7)( 4, 1), 7(8)( 1, 1),24(1)( 3, 2),13(8)( 3, 1),
<<< Found a solution# 524486 at moves moved 38863532569

There are no more possible moves
Total solutions 524486 Total moves moved 38863649917
>>> End of game
-1(0)(-1,-1),-1(0)(-1,-1),-1(0)(-1,-1),-1(0)(-1,-1),-1(0)(-1,-1),-1(0)(-1,-1),
-1(0)(-1,-1),-1(0)(-1,-1),-1(0)(-1,-1),-1(0)(-1,-1),-1(0)(-1,-1),-1(0)(-1,-1),
-1(0)(-1,-1),-1(0)(-1,-1),-1(0)(-1,-1),-1(0)(-1,-1),-1(0)(-1,-1),-1(0)(-1,-1),
-1(0)(-1,-1),-1(0)(-1,-1),-1(0)(-1,-1),-1(0)(-1,-1),-1(0)(-1,-1),-1(0)(-1,-1),
-1(0)(-1,-1),-1(0)(-1,-1),-1(0)(-1,-1),-1(0)(-1,-1),-1(0)(-1,-1),-1(0)(-1,-1),
 0(2)( 0, 0),-1(0)(-1,-1),-1(0)(-1,-1),-1(0)(-1,-1),-1(0)(-1,-1),-1(0)(-1,-1),
<<< End of game
